89031 15100009856  562XB  325.78  3  1.4  5  0
89031 17100009856  562XB  325.78  3  1.4  5  0
89031 25100009856  562XB  325.78  3  1.4  5  0
89031 11100009856  562XB  325.78  3  1.4  5  0
89031 35100009856  562XB  325.78  3  1.4  5  0
89032 06100009856  572XB  325.78  1  1.4  5  0
89032 16100009856  572XB  325.78  1  1.4  5  0
89032 26100009856  572XB  325.78  1  1.4  5  0
89032 36100009856  582XB  325.78  1  1.4  5  0
89032 46100009856  592XB  325.78  1  1.4  5  0
89032 56100009856  502XB  325.78  1  1.4  5  0
89031 15200009856  562NB  425.78  3  1.4  5  0
89031 17300009856  562NB  425.78  3  1.4  5  0
89031 25400009856  562NB  425.78  3  1.4  5  0
89031 11500009856  562NB  425.78  3  1.4  5  0
89031 35700009856  562NB  425.78  3  1.4  5  0
89033 06100009850  572TB  525.78  1  1.4  5  0
89033 16100009851  572TB  525.78  1  1.4  5  0
89033 26100009852  572TB  525.78  1  1.4  5  0
89033 36100009853  582TB  525.78  1  1.4  5  0
89033 46100009854  592TB  525.78  1  1.4  5  0
89033 56100009855  502TB  525.78  1  1.4  5  0
89031 45534439856  777XB  256.78  3  3.6  7  0
89032 11100009564  231CC  325.78  1  1.4  6  0
89032 23100009789  453QQ  871.78  1  1.8  6  0
89033 23443444444  592DD  555.01  1  1.4  5  0
89033 13443333424  502DD  555.02  1  1.4  5  0
89034 34134344234  592DD  999.01  1  1.4  5  0
89034 12344343889  999DD  999.02  1  1.4  5  0
89033 00000000000  111DD  222.02  3  3.3  3  9